C1S2:
ans =

   2.8138e-06


ans =

   1.5052e-05


ans =

   1.2847e-06


ans =

   1.0485e-05


ans =

   2.4653e-07


ans =

   2.5516e-06
C1S3: